>> A=[5 3 2 4;4 15 -4 0;-3 -2 -29 -2;-2 4 4 -9]

A =

     5     3     2     4
     4    15    -4     0
    -3    -2   -29    -2
    -2     4     4    -9

>> n=4;
>> U=A;
>> m21 = U(2,1)/U(1,1)

m21 =

    0.8000

>> E21 = eye(n);
>> E21(2,:) = E2(2,:)-m21*E21(1,:)
Undefined variable E2.
 
>> E21(2,:) = E21(2,:)-m21*E21(1,:)

E21 =

    1.0000         0         0         0
   -0.8000    1.0000         0         0
         0         0    1.0000         0
         0         0         0    1.0000

>> U=E21*U

U =

    5.0000    3.0000    2.0000    4.0000
         0   12.6000   -5.6000   -3.2000
   -3.0000   -2.0000  -29.0000   -2.0000
   -2.0000    4.0000    4.0000   -9.0000

>> m31 = U(3,1)/U(1,1)

m31 =

   -0.6000

>> E31 = eye(n);
>> E31(3,:) = E31(3,:)-m21*E31(1,:)

E31 =

    1.0000         0         0         0
         0    1.0000         0         0
   -0.8000         0    1.0000         0
         0         0         0    1.0000

>> U=E31*U

U =

    5.0000    3.0000    2.0000    4.0000
         0   12.6000   -5.6000   -3.2000
   -7.0000   -4.4000  -30.6000   -5.2000
   -2.0000    4.0000    4.0000   -9.0000

>> U=A

U =

     5     3     2     4
     4    15    -4     0
    -3    -2   -29    -2
    -2     4     4    -9

>> m21=U(2,1)/U(1,1);
>> E21=eye(n);
>> E21=(2,:)=E21(2,:)-m21*E21(1,:);
 E21=(2,:)=E21(2,:)-m21*E21(1,:);
       |
Error: Expression or statement is incorrect--possibly unbalanced (, {, or [.
 
>> E21=E21(2,:)-m21*E21(1,:);
>> E21(2,:)= E21(2,:)-m21*E21(1,:);
Attempted to access E21(2,:); index out of bounds because size(E21)=[1,4].
 
>> E21=eye(n);
>> E21(2,:)= E21(2,:)-m21*E21(1,:);
>> U=E21*U

U =

    5.0000    3.0000    2.0000    4.0000
         0   12.6000   -5.6000   -3.2000
   -3.0000   -2.0000  -29.0000   -2.0000
   -2.0000    4.0000    4.0000   -9.0000

>> m31=U(3,1)/U(1,1);
>> E31=eye(n);
>> E31(3,:)= E31(3,:)-m31*E31(1,:);
>> U=E31*U

U =

    5.0000    3.0000    2.0000    4.0000
         0   12.6000   -5.6000   -3.2000
         0   -0.2000  -27.8000    0.4000
   -2.0000    4.0000    4.0000   -9.0000

>> m41=U(4,1)/U(1,1);
>> E41=eye(n);
>> E41(4,:)= E41(4,:)-m41*E41(1,:);
>> U=E41*U

U =

    5.0000    3.0000    2.0000    4.0000
         0   12.6000   -5.6000   -3.2000
         0   -0.2000  -27.8000    0.4000
         0    5.2000    4.8000   -7.4000

>> m32=U(3,2)/U(2,2);
>> E32=eye(n);
>> E32(3,:)= E32(3,:)-m32*E32(2,:);
>> U=E32*U

U =

    5.0000    3.0000    2.0000    4.0000
         0   12.6000   -5.6000   -3.2000
         0   -0.0000  -27.8889    0.3492
         0    5.2000    4.8000   -7.4000

>> m42=U(4,2)/U(2,2);
>> E42=eye(n);
>> E42(4,:)= E42(4,:)-m42*E42(2,:);
>> U=E42*U

U =

    5.0000    3.0000    2.0000    4.0000
         0   12.6000   -5.6000   -3.2000
         0   -0.0000  -27.8889    0.3492
         0         0    7.1111   -6.0794

>> m43=U(4,3)/U(3,3);
>> E43=eye(n);
>> E43(4,:)= E43(4,:)-m43*E43(3,:);
>> U=E43*U

U =

    5.0000    3.0000    2.0000    4.0000
         0   12.6000   -5.6000   -3.2000
         0   -0.0000  -27.8889    0.3492
         0   -0.0000         0   -5.9903

>> L=ones(4)

L =

     1     1     1     1
     1     1     1     1
     1     1     1     1
     1     1     1     1

>> L=zeros(4)

L =

     0     0     0     0
     0     0     0     0
     0     0     0     0
     0     0     0     0

>> L(2,1)=m21

L =

         0         0         0         0
    0.8000         0         0         0
         0         0         0         0
         0         0         0         0

>> L(2,2)=m22
Undefined function or variable 'm22'.
 
>> L(3,1)=m31

L =

         0         0         0         0
    0.8000         0         0         0
   -0.6000         0         0         0
         0         0         0         0

>> L(4,1)=m41

L =

         0         0         0         0
    0.8000         0         0         0
   -0.6000         0         0         0
   -0.4000         0         0         0

>> L(3,2)=m32

L =

         0         0         0         0
    0.8000         0         0         0
   -0.6000   -0.0159         0         0
   -0.4000         0         0         0

>> L(4,2)=m42

L =

         0         0         0         0
    0.8000         0         0         0
   -0.6000   -0.0159         0         0
   -0.4000    0.4127         0         0

>> L(4,3)=m43

L =

         0         0         0         0
    0.8000         0         0         0
   -0.6000   -0.0159         0         0
   -0.4000    0.4127   -0.2550         0

>> L(1,1)=L(2,2)=L(3,3)=L(4,4)=1
 L(1,1)=L(2,2)=L(3,3)=L(4,4)=1
              |
Error: The expression to the left of the equals sign is not a valid target for an assignment.
 
>> L(1,1)=1;L(2,2)=1;L(3,3)=1;L(4,4)=1

L =

    1.0000         0         0         0
    0.8000    1.0000         0         0
   -0.6000   -0.0159    1.0000         0
   -0.4000    0.4127   -0.2550    1.0000

>> U

U =

    5.0000    3.0000    2.0000    4.0000
         0   12.6000   -5.6000   -3.2000
         0   -0.0000  -27.8889    0.3492
         0   -0.0000         0   -5.9903

>> L

L =

    1.0000         0         0         0
    0.8000    1.0000         0         0
   -0.6000   -0.0159    1.0000         0
   -0.4000    0.4127   -0.2550    1.0000

>> L2=A\U

L2 =

    1.9663   -0.2413   -0.3891    0.9958
   -0.5549    0.8870   -0.0116   -0.5036
   -0.1145   -0.0651    0.9675   -0.0927
   -0.7344    0.4189    0.5113    0.1793

>> L2=U\A

L2 =

    0.4171    0.4794    0.5388   -0.6912
    0.4519    1.0490   -0.0286    0.4218
    0.1118    0.0634    1.0315    0.0905
    0.3339   -0.6677   -0.6677    1.5024

>> L*U

ans =

    5.0000    3.0000    2.0000    4.0000
    4.0000   15.0000   -4.0000         0
   -3.0000   -2.0000  -29.0000   -2.0000
   -2.0000    4.0000    4.0000   -9.0000

>> E = E43*E42*E32*E41*E31*E21

E =

    1.0000         0         0         0
   -0.8000    1.0000         0         0
    0.5873    0.0159    1.0000         0
    0.8799   -0.4087    0.2550    1.0000

>> E*A

ans =

    5.0000    3.0000    2.0000    4.0000
         0   12.6000   -5.6000   -3.2000
   -0.0000         0  -27.8889    0.3492
         0         0    0.0000   -5.9903

>> U

U =

    5.0000    3.0000    2.0000    4.0000
         0   12.6000   -5.6000   -3.2000
         0   -0.0000  -27.8889    0.3492
         0   -0.0000         0   -5.9903

>> E21

E21 =

    1.0000         0         0         0
   -0.8000    1.0000         0         0
         0         0    1.0000         0
         0         0         0    1.0000

>> inv(E21)

ans =

    1.0000         0         0         0
    0.8000    1.0000         0         0
         0         0    1.0000         0
         0         0         0    1.0000

>> E31

E31 =

    1.0000         0         0         0
         0    1.0000         0         0
    0.6000         0    1.0000         0
         0         0         0    1.0000

>> inv(E31)

ans =

    1.0000         0         0         0
         0    1.0000         0         0
   -0.6000         0    1.0000         0
         0         0         0    1.0000

>> E21inv = eye(n); E21Inv(2,1)=m21

E21Inv =

         0
    0.8000

>> E21inv = eye(n);
>> E21inv = eye(n)

E21inv =

     1     0     0     0
     0     1     0     0
     0     0     1     0
     0     0     0     1

>> E21Inv(2,1)=m21;
>> E21inv

E21inv =

     1     0     0     0
     0     1     0     0
     0     0     1     0
     0     0     0     1

>> m21

m21 =

    0.8000

>> E21Inv(2,1)=m21

E21Inv =

         0
    0.8000

>> E21inv

E21inv =

     1     0     0     0
     0     1     0     0
     0     0     1     0
     0     0     0     1

>> E21Inv

E21Inv =

         0
    0.8000

>> E21Inv = eye(n); E21Inv(2,1)=m21

E21Inv =

    1.0000         0         0         0
    0.8000    1.0000         0         0
         0         0    1.0000         0
         0         0         0    1.0000

>> E21Inv = eye(n); E21Inv(3,1)=m31

